-3.0000000000000004e-01
-3.0000000000000004e-01
-3.0000000000000004e-01
-3.0000000000000004e-01
-3.0000000000000004e-01
-3.0000000000000004e-01
-3.0000000000000004e-01
-3.0000000000000004e-01
-3.0000000000000004e-01
-3.0000000000000004e-01
-3.0000000000000004e-01
-3.0000000000000004e-01
-3.0000000000000004e-01
-3.0000000000000004e-01
-3.0000000000000004e-01
-3.0000000000000004e-01
-3.0000000000000004e-01
-3.0000000000000004e-01
-3.0000000000000004e-01
-3.0000000000000004e-01
-3.0000000000000004e-01
-3.0000000000000004e-01
-3.0000000000000004e-01
-3.0000000000000004e-01
-3.0000000000000004e-01
-3.0000000000000004e-01
-3.0000000000000004e-01
-3.0000000000000004e-01
-3.0000000000000004e-01
-3.0000000000000004e-01
-3.0000000000000004e-01
-3.0000000000000004e-01
-3.0000000000000004e-01
-3.0000000000000004e-01
-3.0000000000000004e-01
-3.0000000000000004e-01
-3.0000000000000004e-01
-3.0000000000000004e-01
-3.0000000000000004e-01
-3.0000000000000004e-01
-3.0000000000000004e-01
-3.0000000000000004e-01
-3.0000000000000004e-01
-2.9997710819328161e-01
-2.9990672838739740e-01
-2.9978643752988926e-01
-2.9961400903715718e-01
-2.9938743536041690e-01
-2.9910494980637842e-01
-2.9876504740966181e-01
-2.9836650465490322e-01
-2.9790839784939660e-01
-2.9739011995200876e-01
-2.9681139567102094e-01
-2.9617229465247363e-01
-2.9547324259151575e-01
-2.9471503011212041e-01
-2.9389881927526873e-01
-2.9302614759222023e-01
-2.9209892943767179e-01
-2.9111945477731471e-01
-2.9009038514537855e-01
-2.8901474683001632e-01
-2.8789592124765057e-01
-2.8673763251144124e-01
-2.8554393222363927e-01
-2.8431918154650693e-01
-2.8306803063147606e-01
-2.8179539551102067e-01
-2.8050643258208535e-01
-2.7920651083357695e-01
-2.7790118199313552e-01
-2.7659614878990296e-01
-2.7529723155006058e-01
-2.7401033336027647e-01
-2.7274140405067487e-01
-2.7149640326331281e-01
-2.7028126288423959e-01
-2.6910184912686852e-01
-2.6796392456146834e-01
-2.6687311038998218e-01
-2.6583484926701545e-01
-2.6485436896665893e-01
-2.6393664719080256e-01
-2.6308637780775945e-01
-2.6230793880040115e-01
-2.6160536219067443e-01
-2.6098230619242752e-01
-2.6044202982705128e-01
-2.5998737021669971e-01
-2.5962072274797510e-01
-2.5934402427515918e-01
-2.5915873950657509e-01
-2.5906585069072380e-01
-2.5906585069072380e-01
-2.5915873950657509e-01
-2.5934402427515918e-01
-2.5962072274797510e-01
-2.5998737021669971e-01
-2.6044202982705128e-01
-2.6098230619242752e-01
-2.6160536219067443e-01
-2.6230793880040115e-01
-2.6308637780775945e-01
-2.6393664719080256e-01
-2.6485436896665893e-01
-2.6583484926701545e-01
-2.6687311038998218e-01
-2.6796392456146834e-01
-2.6910184912686852e-01
-2.7028126288423959e-01
-2.7149640326331281e-01
-2.7274140405067487e-01
-2.7401033336027647e-01
-2.7529723155006058e-01
-2.7659614878990296e-01
-2.7790118199313552e-01
-2.7920651083357695e-01
-2.8050643258208535e-01
-2.8179539551102067e-01
-2.8306803063147606e-01
-2.8431918154650693e-01
-2.8554393222363927e-01
-2.8673763251144124e-01
-2.8789592124765057e-01
-2.8901474683001632e-01
-2.9009038514537855e-01
-2.9111945477731471e-01
-2.9209892943767179e-01
-2.9302614759222023e-01
-2.9389881927526873e-01
-2.9471503011212041e-01
-2.9547324259151575e-01
-2.9617229465247363e-01
-2.9681139567102094e-01
-2.9739011995200876e-01
-2.9790839784939660e-01
-2.9836650465490322e-01
-2.9876504740966181e-01
-2.9910494980637842e-01
-2.9938743536041690e-01
-2.9961400903715718e-01
-2.9978643752988926e-01
-2.9990672838739740e-01
-2.9997710819328161e-01
-3.0000000000000004e-01
-2.9997800021964693e-01
-3.0000000000000004e-01
-3.0000000000000004e-01
-3.0000000000000004e-01
-3.0000000000000004e-01
-3.0000000000000004e-01
-3.0000000000000004e-01
-3.0000000000000004e-01
-3.0000000000000004e-01
