-7.6765625000000004e-02
-7.6521484375000004e-02
-7.6277343750000004e-02
-7.6033203125000004e-02
-7.5789062500000004e-02
-7.5544921875000004e-02
-7.5300781250000004e-02
-7.5056640625000004e-02
-7.4812500000000004e-02
-7.4568359375000004e-02
-7.4324218750000004e-02
-7.4080078125000004e-02
-7.3835937500000004e-02
-7.3591796875000004e-02
-7.3347656250000004e-02
-7.3103515625000004e-02
-7.2859375000000004e-02
-7.2615234375000004e-02
-7.2371093750000004e-02
-7.2126953125000004e-02
-7.1882812500000004e-02
-7.1638671875000004e-02
-7.1394531250000004e-02
-7.1150390625000004e-02
-7.0906250000000004e-02
-7.0662109375000004e-02
-7.0417968750000004e-02
-7.0173828125000004e-02
-6.9929687500000004e-02
-6.9685546875000004e-02
-6.9441406250000004e-02
-6.9197265625000004e-02
-6.8953125000000004e-02
-6.8708984375000004e-02
-6.8464843750000004e-02
-6.8220703125000004e-02
-6.7976562500000004e-02
-6.7732421875000004e-02
-6.7488281250000004e-02
-6.7244140625000004e-02
-6.7000000000000004e-02
-6.6755859375000004e-02
-6.6511718750000004e-02
-6.6267578125000004e-02
-6.6023437500000004e-02
-6.5779296875000004e-02
-6.5535156250000004e-02
-6.5291015625000004e-02
-6.5046875000000004e-02
-6.4802734375000004e-02
-6.4558593750000004e-02
-6.4314453125000004e-02
-6.4070312500000004e-02
-6.3826171875000004e-02
-6.3582031250000004e-02
-6.3337890625000004e-02
-6.3093750000000004e-02
-6.2849609375000004e-02
-6.2605468750000004e-02
-6.2361328125000004e-02
-6.2117187500000004e-02
-6.1873046875000004e-02
-6.1628906250000004e-02
-6.1384765625000004e-02
-6.1140625000000004e-02
-6.0896484375000004e-02
-6.0652343750000004e-02
-6.0408203125000004e-02
-6.0164062500000004e-02
-5.9919921875000004e-02
-5.9675781250000004e-02
-5.9431640625000004e-02
-5.9187500000000004e-02
-5.8943359375000004e-02
-5.8699218750000004e-02
-5.8455078125000004e-02
-5.8210937500000004e-02
-5.7966796875000004e-02
-5.7722656250000004e-02
-5.7478515625000004e-02
-5.7234375000000004e-02
-5.6990234375000004e-02
-5.6746093750000004e-02
-5.6501953125000004e-02
-5.6257812500000004e-02
-5.6013671875000004e-02
-5.5769531250000004e-02
-5.5525390625000004e-02
-5.5281250000000004e-02
-5.5037109375000004e-02
-5.4792968750000004e-02
-5.4548828125000004e-02
-5.4304687500000004e-02
-5.4060546875000004e-02
-5.3816406250000004e-02
-5.3572265625000004e-02
-5.3328125000000004e-02
-5.3083984375000004e-02
-5.2839843750000004e-02
-5.2595703125000004e-02
-5.2351562500000004e-02
-5.2107421875000004e-02
-5.1863281250000004e-02
-5.1619140625000004e-02
-5.1375000000000004e-02
-5.1130859375000004e-02
-5.0886718750000004e-02
-5.0642578125000004e-02
-5.0398437500000004e-02
-5.0154296875000004e-02
-4.9910156250000004e-02
-4.9666015625000004e-02
-4.9421875000000004e-02
-4.9177734375000004e-02
-4.8933593750000004e-02
-4.8689453125000004e-02
-4.8445312500000004e-02
-4.8201171875000004e-02
-4.7957031250000004e-02
-4.7712890625000004e-02
-4.7468750000000004e-02
-4.7224609375000004e-02
-4.6980468750000004e-02
-4.6736328125000004e-02
-4.6492187500000004e-02
-4.6248046875000004e-02
-4.6003906250000004e-02
-4.5759765625000004e-02
-4.5515625000000004e-02
-4.5271484375000004e-02
-4.5027343750000004e-02
-4.4783203125000004e-02
-4.4539062500000004e-02
-4.4294921875000004e-02
-4.4050781250000004e-02
-4.3806640625000004e-02
-4.3562500000000004e-02
-4.3318359375000004e-02
-4.3074218750000004e-02
-4.2830078125000004e-02
-4.2585937500000004e-02
-4.2341796875000004e-02
-4.2097656250000004e-02
-4.1853515625000004e-02
-4.1609375000000004e-02
-4.1365234375000004e-02
-4.1121093750000004e-02
-4.0876953125000004e-02
-4.0632812500000004e-02
-4.0388671875000004e-02
-4.0144531250000004e-02
-3.9900390625000004e-02
-3.9656250000000004e-02
-3.9412109375000004e-02
-3.9167968750000004e-02
-3.8923828125000004e-02
-3.8679687500000004e-02
-3.8435546875000004e-02
-3.8191406250000004e-02
-3.7947265625000004e-02
-3.7703125000000004e-02
-3.7458984375000004e-02
-3.7214843750000004e-02
-3.6970703125000004e-02
-3.6726562500000004e-02
-3.6482421875000004e-02
-3.6238281250000004e-02
-3.5994140625000004e-02
-3.5750000000000004e-02
-3.5505859375000004e-02
-3.5261718750000004e-02
-3.5017578125000004e-02
-3.4773437500000004e-02
-3.4529296875000004e-02
-3.4285156250000004e-02
-3.4041015625000004e-02
-3.3796875000000004e-02
-3.3552734375000004e-02
-3.3308593750000004e-02
-3.3064453125000004e-02
-3.2820312500000004e-02
-3.2576171875000004e-02
-3.2332031250000004e-02
-3.2087890625000004e-02
-3.1843750000000004e-02
-3.1599609375000004e-02
-3.1355468750000004e-02
-3.1111328125000004e-02
-3.0867187500000004e-02
-3.0623046875000004e-02
-3.0378906250000004e-02
-3.0134765625000004e-02
-2.9890625000000004e-02
-2.9646484375000004e-02
-2.9402343750000004e-02
-2.9158203125000004e-02
-2.8914062500000004e-02
-2.8669921875000004e-02
-2.8425781250000004e-02
-2.8181640625000004e-02
-2.7937500000000004e-02
-2.7693359375000004e-02
-2.7449218750000004e-02
-2.7205078125000004e-02
-2.6960937500000004e-02
-2.6716796875000004e-02
-2.6472656250000004e-02
-2.6228515625000004e-02
-2.5984375000000004e-02
-2.5740234375000004e-02
-2.5496093750000004e-02
-2.5251953125000004e-02
-2.5007812500000004e-02
-2.4763671875000004e-02
-2.4519531250000004e-02
-2.4275390625000004e-02
-2.4031250000000004e-02
-2.3787109375000004e-02
-2.3542968750000004e-02
-2.3298828125000004e-02
-2.3054687500000004e-02
-2.2810546875000004e-02
-2.2566406250000004e-02
-2.2322265625000004e-02
-2.2078125000000004e-02
-2.1833984375000004e-02
-2.1589843750000004e-02
-2.1345703125000004e-02
-2.1101562500000004e-02
-2.0857421875000004e-02
-2.0613281250000004e-02
-2.0369140625000004e-02
-2.0125000000000004e-02
-1.9880859375000004e-02
-1.9636718750000004e-02
-1.9392578125000004e-02
-1.9148437500000004e-02
-1.8904296875000004e-02
-1.8660156250000004e-02
-1.8416015625000004e-02
-1.8171875000000004e-02
-1.7927734375000004e-02
-1.7683593750000004e-02
-1.7439453125000004e-02
-1.7195312500000004e-02
-1.6951171875000004e-02
-1.6707031250000004e-02
-1.6462890625000004e-02
-1.6218750000000004e-02
-1.5974609375000004e-02
-1.5730468750000004e-02
-1.5486328125000004e-02
-1.5242187500000004e-02
-1.4998046875000004e-02
-1.4753906250000004e-02
-1.4509765625000004e-02
-1.4265625000000004e-02
-1.4021484375000004e-02
-1.3777343750000004e-02
-1.3533203125000004e-02
-1.3289062500000004e-02
-1.3044921875000004e-02
-1.2800781250000004e-02
-1.2556640625000004e-02
-1.2312500000000004e-02
-1.2068359375000004e-02
-1.1824218750000004e-02
-1.1580078125000004e-02
-1.1335937500000004e-02
-1.1091796875000004e-02
-1.0847656250000004e-02
-1.0603515625000004e-02
-1.0359375000000004e-02
-1.0115234375000004e-02
-9.8710937500000040e-03
-9.6269531250000040e-03
-9.3828125000000040e-03
-9.1386718750000040e-03
-8.8945312500000040e-03
-8.6503906250000040e-03
-8.4062500000000040e-03
-8.1621093750000040e-03
-7.9179687500000040e-03
-7.6738281250000040e-03
-7.4296875000000040e-03
-7.1855468750000040e-03
-6.9414062500000040e-03
-6.6972656250000040e-03
-6.4531250000000040e-03
-6.2089843750000040e-03
-5.9648437500000040e-03
-5.7207031250000040e-03
-5.4765625000000040e-03
-5.2324218750000040e-03
-4.9882812500000040e-03
-4.7441406250000040e-03
-4.5000000000000040e-03
-4.2558593750000040e-03
-4.0117187500000040e-03
-3.7675781250000040e-03
-3.5234375000000040e-03
-3.2792968750000040e-03
-3.0351562500000040e-03
-2.7910156250000040e-03
-2.5468750000000040e-03
-2.3027343750000040e-03
-2.0585937500000040e-03
-1.8144531250000040e-03
-1.5703125000000040e-03
-1.3261718750000040e-03
-1.0820312500000040e-03
-8.3789062500000400e-04
-5.9375000000000400e-04
-3.4960937500000400e-04
-1.0546875000000400e-04
1.3867187499999600e-04
3.8281249999999600e-04
6.2695312499999600e-04
8.7109374999999600e-04
1.1152343749999960e-03
1.3593749999999960e-03
1.6035156249999960e-03
1.8476562499999960e-03
2.0917968749999960e-03
2.3359374999999960e-03
2.5800781249999960e-03
2.8242187499999960e-03
3.0683593749999960e-03
3.3124999999999960e-03
3.5566406249999960e-03
3.8007812499999960e-03
4.0449218749999960e-03
4.2890624999999960e-03
4.5332031249999960e-03
4.7773437499999960e-03
5.0214843749999960e-03
5.2656249999999960e-03
5.5097656249999960e-03
5.7539062499999960e-03
5.9980468749999960e-03
6.2421874999999960e-03
6.4863281249999960e-03
6.7304687499999960e-03
6.9746093749999960e-03
7.2187499999999960e-03
7.4628906249999960e-03
7.7070312499999960e-03
7.9511718749999960e-03
8.1953124999999960e-03
8.4394531249999960e-03
8.6835937499999960e-03
8.9277343749999960e-03
9.1718749999999960e-03
9.4160156249999960e-03
9.6601562499999960e-03
9.9042968749999960e-03
1.0148437499999996e-02
1.0392578124999996e-02
1.0636718749999996e-02
1.0880859374999996e-02
1.1124999999999996e-02
1.1369140624999996e-02
1.1613281249999996e-02
1.1857421874999996e-02
1.2101562499999996e-02
1.2345703124999996e-02
1.2589843749999996e-02
1.2833984374999996e-02
1.3078124999999996e-02
1.3322265624999996e-02
1.3566406249999996e-02
1.3810546874999996e-02
1.4054687499999996e-02
1.4298828124999996e-02
1.4542968749999996e-02
1.4787109374999996e-02
1.5031249999999996e-02
1.5275390624999996e-02
1.5519531249999996e-02
1.5763671874999996e-02
1.6007812499999996e-02
1.6251953124999996e-02
1.6496093749999996e-02
1.6740234374999996e-02
1.6984374999999996e-02
1.7228515624999996e-02
1.7472656249999996e-02
1.7716796874999996e-02
1.7960937499999996e-02
1.8205078124999996e-02
1.8449218749999996e-02
1.8693359374999996e-02
1.8937499999999996e-02
1.9181640624999996e-02
1.9425781249999996e-02
1.9669921874999996e-02
1.9914062499999996e-02
2.0158203124999996e-02
2.0402343749999996e-02
2.0646484374999996e-02
2.0890624999999996e-02
2.1134765624999996e-02
2.1378906249999996e-02
2.1623046874999996e-02
2.1867187499999996e-02
2.2111328124999996e-02
2.2355468749999996e-02
2.2599609374999996e-02
2.2843749999999996e-02
2.3087890624999996e-02
2.3332031249999996e-02
2.3576171874999996e-02
2.3820312499999996e-02
2.4064453124999996e-02
2.4308593749999996e-02
2.4552734374999996e-02
2.4796874999999996e-02
2.5041015624999996e-02
2.5285156249999996e-02
2.5529296874999996e-02
2.5773437499999996e-02
2.6017578124999996e-02
2.6261718749999996e-02
2.6505859374999996e-02
2.6749999999999996e-02
2.6994140624999996e-02
2.7238281249999996e-02
2.7482421874999996e-02
2.7726562499999996e-02
2.7970703124999996e-02
2.8214843749999996e-02
2.8458984374999996e-02
2.8703124999999996e-02
2.8947265624999996e-02
2.9191406249999996e-02
2.9435546874999996e-02
2.9679687499999996e-02
2.9923828124999996e-02
3.0167968749999996e-02
3.0412109374999996e-02
3.0656249999999996e-02
3.0900390624999996e-02
3.1144531249999996e-02
3.1388671874999996e-02
3.1632812499999996e-02
3.1876953124999996e-02
3.2121093749999996e-02
3.2365234374999996e-02
3.2609374999999996e-02
3.2853515624999996e-02
3.3097656249999996e-02
3.3341796874999996e-02
3.3585937499999996e-02
3.3830078124999996e-02
3.4074218749999996e-02
3.4318359374999996e-02
3.4562499999999996e-02
3.4806640624999996e-02
3.5050781249999996e-02
3.5294921874999996e-02
3.5539062499999996e-02
3.5783203124999996e-02
3.6027343749999996e-02
3.6271484374999996e-02
3.6515624999999996e-02
3.6759765624999996e-02
3.7003906249999996e-02
3.7248046874999996e-02
3.7492187499999996e-02
3.7736328124999996e-02
3.7980468749999996e-02
3.8224609374999996e-02
3.8468749999999996e-02
3.8712890624999996e-02
3.8957031249999996e-02
3.9201171874999996e-02
3.9445312499999996e-02
3.9689453124999996e-02
3.9933593749999996e-02
4.0177734374999996e-02
4.0421874999999996e-02
4.0666015624999996e-02
4.0910156249999996e-02
4.1154296874999996e-02
4.1398437499999996e-02
4.1642578124999996e-02
4.1886718749999996e-02
4.2130859374999996e-02
4.2374999999999996e-02
4.2619140624999996e-02
4.2863281249999996e-02
4.3107421874999996e-02
4.3351562499999996e-02
4.3595703124999996e-02
4.3839843749999996e-02
4.4083984374999996e-02
4.4328124999999996e-02
4.4572265624999996e-02
4.4816406249999996e-02
4.5060546874999996e-02
4.5304687499999996e-02
4.5548828124999996e-02
4.5792968749999996e-02
4.6037109374999996e-02
4.6281249999999996e-02
4.6525390624999996e-02
4.6769531249999996e-02
4.7013671874999996e-02
4.7257812499999996e-02
4.7501953124999996e-02
4.7746093749999996e-02
4.7990234374999996e-02
4.8234374999999996e-02
4.8478515624999996e-02
4.8722656249999996e-02
4.8966796874999996e-02
4.9210937499999996e-02
4.9455078124999996e-02
4.9699218749999996e-02
4.9943359374999996e-02
5.0187499999999996e-02
5.0431640624999996e-02
5.0675781249999996e-02
5.0919921874999996e-02
5.1164062499999996e-02
5.1408203124999996e-02
5.1652343749999996e-02
5.1896484374999996e-02
5.2140624999999996e-02
5.2384765624999996e-02
5.2628906249999996e-02
5.2873046874999996e-02
5.3117187499999996e-02
5.3361328124999996e-02
5.3605468749999996e-02
5.3849609374999996e-02
5.4093749999999996e-02
5.4337890624999996e-02
5.4582031249999996e-02
5.4826171874999996e-02
5.5070312499999996e-02
5.5314453124999996e-02
5.5558593749999996e-02
5.5802734374999996e-02
5.6046874999999996e-02
5.6291015624999996e-02
5.6535156249999996e-02
5.6779296874999996e-02
5.7023437499999996e-02
5.7267578124999996e-02
5.7511718749999996e-02
5.7755859374999996e-02
5.7999999999999996e-02
5.8244140624999996e-02
5.8488281249999996e-02
5.8732421874999996e-02
5.8976562499999996e-02
5.9220703124999996e-02
5.9464843749999996e-02
5.9708984374999996e-02
5.9953124999999996e-02
6.0197265624999996e-02
6.0441406249999996e-02
6.0685546874999996e-02
6.0929687499999996e-02
6.1173828124999996e-02
6.1417968749999996e-02
6.1662109374999996e-02
6.1906249999999996e-02
6.2150390624999996e-02
6.2394531249999996e-02
6.2638671874999996e-02
6.2882812499999996e-02
6.3126953124999996e-02
6.3371093749999996e-02
6.3615234374999996e-02
6.3859374999999996e-02
6.4103515624999996e-02
6.4347656249999996e-02
6.4591796874999996e-02
6.4835937499999996e-02
6.5080078124999996e-02
6.5324218749999996e-02
6.5568359374999996e-02
6.5812499999999996e-02
6.6056640624999996e-02
6.6300781249999996e-02
6.6544921874999996e-02
6.6789062499999996e-02
6.7033203124999996e-02
6.7277343749999996e-02
6.7521484374999996e-02
6.7765624999999996e-02
6.8009765624999996e-02
6.8253906249999996e-02
6.8498046874999996e-02
6.8742187499999996e-02
6.8986328124999996e-02
6.9230468749999996e-02
6.9474609374999996e-02
6.9718749999999996e-02
6.9962890624999996e-02
7.0207031249999996e-02
7.0451171874999996e-02
7.0695312499999996e-02
7.0939453124999996e-02
7.1183593749999996e-02
7.1427734374999996e-02
7.1671874999999996e-02
7.1916015624999996e-02
7.2160156249999996e-02
7.2404296874999996e-02
7.2648437499999996e-02
7.2892578124999996e-02
7.3136718749999996e-02
7.3380859374999996e-02
7.3624999999999996e-02
7.3869140624999996e-02
7.4113281249999996e-02
7.4357421874999996e-02
7.4601562499999996e-02
7.4845703124999996e-02
7.5089843749999996e-02
7.5333984374999996e-02
7.5578124999999996e-02
7.5822265624999996e-02
7.6066406249999996e-02
7.6310546874999996e-02
7.6554687499999996e-02
