-2.0000000000000001e-01
-2.0000000000000001e-01
-2.0000000000000001e-01
-2.0000000000000001e-01
-2.0000000000000001e-01
-2.0000000000000001e-01
-2.0000000000000001e-01
-2.0000000000000001e-01
-2.0000000000000001e-01
-2.0000000000000001e-01
-2.0000000000000001e-01
-2.0000000000000001e-01
-2.0000000000000001e-01
-2.0000000000000001e-01
-2.0000000000000001e-01
-2.0000000000000001e-01
-2.0000000000000001e-01
-2.0000000000000001e-01
-2.0000000000000001e-01
-2.0000000000000001e-01
-2.0000000000000001e-01
-2.0000000000000001e-01
-2.0000000000000001e-01
-2.0000000000000001e-01
-2.0000000000000001e-01
-2.0000000000000001e-01
-2.0000000000000001e-01
-2.0000000000000001e-01
-2.0000000000000001e-01
-2.0000000000000001e-01
-2.0000000000000001e-01
-2.0000000000000001e-01
-2.0000000000000001e-01
-2.0002289180671839e-01
-2.0009327161260265e-01
-2.0021356247011077e-01
-2.0038599096284287e-01
-2.0061256463958313e-01
-2.0089505019362164e-01
-2.0123495259033825e-01
-2.0163349534509678e-01
-2.0209160215060346e-01
-2.0260988004799124e-01
-2.0318860432897909e-01
-2.0382770534752639e-01
-2.0452675740848425e-01
-2.0528496988787959e-01
-2.0610118072473133e-01
-2.0697385240777982e-01
-2.0790107056232826e-01
-2.0888054522268529e-01
-2.0990961485462148e-01
-2.1098525316998368e-01
-2.1210407875234943e-01
-2.1326236748855876e-01
-2.1445606777636078e-01
-2.1568081845349313e-01
-2.1693196936852396e-01
-2.1820460448897938e-01
-2.1949356741791468e-01
-2.2079348916642305e-01
-2.2209881800686451e-01
-2.2340385121009709e-01
-2.2470276844993942e-01
-2.2598966663972353e-01
-2.2725859594932515e-01
-2.2850359673668724e-01
-2.2971873711576044e-01
-2.3089815087313151e-01
-2.3203607543853169e-01
-2.3312688961001782e-01
-2.3416515073298458e-01
-2.3514563103334113e-01
-2.3606335280919746e-01
-2.3691362219224057e-01
-2.3769206119959888e-01
-2.3839463780932557e-01
-2.3901769380757248e-01
-2.3955797017294875e-01
-2.4001262978330029e-01
-2.4037927725202493e-01
-2.4065597572484088e-01
-2.4084126049342497e-01
-2.4093414930927623e-01
-2.4093414930927623e-01
-2.4084126049342497e-01
-2.4065597572484088e-01
-2.4037927725202493e-01
-2.4001262978330029e-01
-2.3955797017294875e-01
-2.3901769380757248e-01
-2.3839463780932557e-01
-2.3769206119959888e-01
-2.3691362219224057e-01
-2.3606335280919746e-01
-2.3514563103334113e-01
-2.3416515073298458e-01
-2.3312688961001782e-01
-2.3203607543853169e-01
-2.3089815087313151e-01
-2.2971873711576044e-01
-2.2850359673668724e-01
-2.2725859594932515e-01
-2.2598966663972353e-01
-2.2470276844993942e-01
-2.2340385121009709e-01
-2.2209881800686451e-01
-2.2079348916642305e-01
-2.1949356741791468e-01
-2.1820460448897938e-01
-2.1693196936852396e-01
-2.1568081845349313e-01
-2.1445606777636078e-01
-2.1326236748855876e-01
-2.1210407875234943e-01
-2.1098525316998368e-01
-2.0990961485462148e-01
-2.0888054522268529e-01
-2.0790107056232826e-01
-2.0697385240777982e-01
-2.0610118072473133e-01
-2.0528496988787959e-01
-2.0452675740848425e-01
-2.0382770534752639e-01
-2.0318860432897909e-01
-2.0260988004799124e-01
-2.0209160215060346e-01
-2.0163349534509678e-01
-2.0123495259033825e-01
-2.0089505019362164e-01
-2.0061256463958313e-01
-2.0038599096284287e-01
-2.0021356247011077e-01
-2.0009327161260265e-01
-2.0002289180671839e-01
-2.0000000000000001e-01
-2.0000000000000001e-01
-2.0000000000000001e-01
-2.0000000000000001e-01
-2.0000000000000001e-01
-2.0000000000000001e-01
-2.0000000000000001e-01
-2.0000000000000001e-01
-2.0000000000000001e-01
-2.0000000000000001e-01
-2.0000000000000001e-01
-2.0000000000000001e-01
-2.0000000000000001e-01
-2.0000000000000001e-01
-2.0000000000000001e-01
-2.0000000000000001e-01
-2.0000000000000001e-01
-2.0000000000000001e-01
-2.0000000000000001e-01
-2.0000000000000001e-01
-2.0000000000000001e-01
-2.0000000000000001e-01
-2.0000000000000001e-01
-2.0000000000000001e-01
-2.0000000000000001e-01
-2.0000000000000001e-01
-2.0000000000000001e-01
-2.0000000000000001e-01
-2.0000000000000001e-01
-2.0000000000000001e-01
-2.0000000000000001e-01
-2.0000000000000001e-01
-2.0000000000000001e-01
-2.0000000000000001e-01
-2.0000000000000001e-01
-2.0000000000000001e-01
-2.0000000000000001e-01
-2.0000000000000001e-01
-2.0000000000000001e-01
-2.0000000000000001e-01
-2.0000000000000001e-01
-2.0000000000000001e-01
-2.0000000000000001e-01
-2.0000000000000001e-01
-2.0000000000000001e-01
-2.0000000000000001e-01
-2.0000000000000001e-01
-2.0000000000000001e-01
-2.0000000000000001e-01
-2.0000000000000001e-01
-2.0000000000000001e-01
-2.0000000000000001e-01
-2.0000000000000001e-01
-2.0000000000000001e-01
-2.0000000000000001e-01
-2.0000000000000001e-01
-2.0000000000000001e-01
-2.0000000000000001e-01
-2.0000000000000001e-01
-2.0000000000000001e-01
-2.0000000000000001e-01
-2.0000000000000001e-01
-2.0000000000000001e-01
-2.0000000000000001e-01
-2.0000000000000001e-01
-2.0000000000000001e-01
-2.0000000000000001e-01
-2.0000000000000001e-01
-2.0000000000000001e-01
-2.0000000000000001e-01
-2.0000000000000001e-01
-2.0000000000000001e-01
-2.0000000000000001e-01
-2.0000000000000001e-01
-2.0000000000000001e-01
-2.0000000000000001e-01
-2.0000000000000001e-01
-2.0000000000000001e-01
-2.0000000000000001e-01
-2.0000000000000001e-01
-2.0000000000000001e-01
-2.0000000000000001e-01
-2.0000000000000001e-01
-2.0000000000000001e-01
-2.0000000000000001e-01
-2.0000000000000001e-01
-2.0000000000000001e-01
-2.0000000000000001e-01
-2.0000000000000001e-01
-2.0000000000000001e-01
-2.0000000000000001e-01
-2.0000000000000001e-01
-2.0000000000000001e-01
-2.0000000000000001e-01
-2.0000000000000001e-01
-2.0000000000000001e-01
-2.0000000000000001e-01
-2.0000000000000001e-01
-2.0000000000000001e-01
-2.0000000000000001e-01
-2.0000000000000001e-01
-2.0000000000000001e-01
-2.0000000000000001e-01
-2.0000000000000001e-01
-2.0000000000000001e-01
-2.0000000000000001e-01
-2.0000000000000001e-01
-2.0000000000000001e-01
-2.0000000000000001e-01
-2.0000000000000001e-01
-2.0000000000000001e-01
-2.0000000000000001e-01
-2.0000000000000001e-01
-2.0000000000000001e-01
-2.0000000000000001e-01
-2.0000000000000001e-01
-2.0000000000000001e-01
-2.0000000000000001e-01
-2.0000000000000001e-01
-2.0000000000000001e-01
-2.0000000000000001e-01
-2.0000000000000001e-01
-2.0000000000000001e-01
-2.0000000000000001e-01
-2.0000000000000001e-01
-2.0000000000000001e-01
-2.0000000000000001e-01
-2.0000000000000001e-01
-2.0000000000000001e-01
-2.0000000000000001e-01
-2.0000000000000001e-01
-2.0000000000000001e-01
-2.0000000000000001e-01
-2.0000000000000001e-01
-2.0000000000000001e-01
-2.0000000000000001e-01
-2.0000000000000001e-01
-2.0000000000000001e-01
-2.0000000000000001e-01
-2.0000000000000001e-01
-2.0000000000000001e-01
-2.0000000000000001e-01
-2.0000000000000001e-01
-2.0000000000000001e-01
-2.0000000000000001e-01
-2.0000000000000001e-01
-2.0000000000000001e-01
-2.0000000000000001e-01
-2.0000000000000001e-01
-2.0000000000000001e-01
-2.0000000000000001e-01
-2.0000000000000001e-01
-2.0000000000000001e-01
-2.0000000000000001e-01
-2.0000000000000001e-01
-2.0000000000000001e-01
-2.0000000000000001e-01
-2.0000000000000001e-01
-2.0000000000000001e-01
-2.0000000000000001e-01
-2.0000000000000001e-01
-2.0000000000000001e-01
-2.0000000000000001e-01
-2.0000000000000001e-01
-2.0000000000000001e-01
-2.0000000000000001e-01
-2.0000000000000001e-01
-2.0000000000000001e-01
-2.0000000000000001e-01
-2.0000000000000001e-01
-2.0000000000000001e-01
-2.0000000000000001e-01
-2.0000000000000001e-01
-2.0000000000000001e-01
-2.0000000000000001e-01
-2.0000000000000001e-01
-2.0000000000000001e-01
-2.0000000000000001e-01
-2.0000000000000001e-01
-2.0000000000000001e-01
-2.0000000000000001e-01
-2.0000000000000001e-01
-2.0000000000000001e-01
-2.0000000000000001e-01
-2.0000000000000001e-01
-2.0000000000000001e-01
-2.0000000000000001e-01
-2.0000000000000001e-01
-2.0000000000000001e-01
-2.0000000000000001e-01
-2.0000000000000001e-01
-2.0000000000000001e-01
-2.0000000000000001e-01
-2.0000000000000001e-01
-2.0000000000000001e-01
-2.0000000000000001e-01
-2.0000000000000001e-01
-2.0000000000000001e-01
-2.0000000000000001e-01
-2.0000000000000001e-01
-2.0000000000000001e-01
-2.0000000000000001e-01
-2.0000000000000001e-01
-2.0000000000000001e-01
-2.0000000000000001e-01
-2.0000000000000001e-01
-2.0000000000000001e-01
-2.0000000000000001e-01
-2.0000000000000001e-01
-2.0000000000000001e-01
-2.0000000000000001e-01
-2.0000000000000001e-01
-2.0000000000000001e-01
-2.0000000000000001e-01
-2.0000000000000001e-01
-2.0000000000000001e-01
-2.0000000000000001e-01
-2.0000000000000001e-01
-2.0000000000000001e-01
-2.0000000000000001e-01
-2.0000000000000001e-01
-2.0000000000000001e-01
-2.0000000000000001e-01
-2.0000000000000001e-01
-2.0000000000000001e-01
-2.0000000000000001e-01
-2.0000000000000001e-01
-2.0000000000000001e-01
-2.0000000000000001e-01
-2.0000000000000001e-01
-2.0000000000000001e-01
-2.0000000000000001e-01
-2.0000000000000001e-01
-2.0000000000000001e-01
-2.0000000000000001e-01
-2.0000000000000001e-01
-2.0000000000000001e-01
-2.0000000000000001e-01
-2.0000000000000001e-01
-2.0000000000000001e-01
-2.0000000000000001e-01
-2.0000000000000001e-01
-2.0000000000000001e-01
-2.0000000000000001e-01
-2.0000000000000001e-01
-2.0000000000000001e-01
-2.0000000000000001e-01
-2.0000000000000001e-01
-2.0000000000000001e-01
-2.0000000000000001e-01
-2.0000000000000001e-01
-2.0000000000000001e-01
-2.0000000000000001e-01
-2.0000000000000001e-01
-2.0000000000000001e-01
-2.0000000000000001e-01
-2.0000000000000001e-01
-2.0000000000000001e-01
-2.0000000000000001e-01
-2.0000000000000001e-01
-2.0000000000000001e-01
-2.0000000000000001e-01
-2.0000000000000001e-01
-2.0000000000000001e-01
-2.0000000000000001e-01
-2.0000000000000001e-01
-2.0000000000000001e-01
-2.0000000000000001e-01
-2.0000000000000001e-01
-2.0000000000000001e-01
-2.0000000000000001e-01
-2.0000000000000001e-01
-2.0000000000000001e-01
-2.0000000000000001e-01
-2.0000000000000001e-01
-2.0000000000000001e-01
-2.0000000000000001e-01
-2.0000000000000001e-01
-2.0000000000000001e-01
-2.0000000000000001e-01
-2.0000000000000001e-01
-2.0000000000000001e-01
-2.0000000000000001e-01
-2.0000000000000001e-01
-2.0000000000000001e-01
-2.0000000000000001e-01
-2.0000000000000001e-01
-2.0000000000000001e-01
-2.0000000000000001e-01
-2.0000000000000001e-01
-2.0000000000000001e-01
-2.0000000000000001e-01
-2.0000000000000001e-01
-2.0000000000000001e-01
-2.0000000000000001e-01
-2.0000000000000001e-01
-2.0000000000000001e-01
-2.0000000000000001e-01
-2.0000000000000001e-01
-2.0000000000000001e-01
-2.0000000000000001e-01
-2.0000000000000001e-01
-2.0000000000000001e-01
-2.0000000000000001e-01
-2.0000000000000001e-01
-2.0000000000000001e-01
-2.0000000000000001e-01
-2.0000000000000001e-01
-2.0000000000000001e-01
-2.0000000000000001e-01
-2.0000000000000001e-01
-2.0000000000000001e-01
-2.0000000000000001e-01
-2.0000000000000001e-01
-2.0000000000000001e-01
-2.0000000000000001e-01
-2.0000000000000001e-01
-2.0000000000000001e-01
-2.0000000000000001e-01
-2.0000000000000001e-01
-2.0000000000000001e-01
-2.0000000000000001e-01
-2.0000000000000001e-01
-2.0000000000000001e-01
-2.0000000000000001e-01
-2.0000000000000001e-01
-2.0000000000000001e-01
-2.0000000000000001e-01
-2.0000000000000001e-01
-2.0000000000000001e-01
-2.0000000000000001e-01
-2.0000000000000001e-01
-2.0000000000000001e-01
-2.0000000000000001e-01
-2.0000000000000001e-01
-2.0000000000000001e-01
-2.0000000000000001e-01
-2.0000000000000001e-01
-2.0000000000000001e-01
-2.0000000000000001e-01
-2.0000000000000001e-01
-2.0000000000000001e-01
-2.0000000000000001e-01
-2.0000000000000001e-01
-2.0000000000000001e-01
-2.0000000000000001e-01
-2.0000000000000001e-01
-2.0000000000000001e-01
-2.0000000000000001e-01
-2.0000000000000001e-01
-2.0000000000000001e-01
-2.0000000000000001e-01
-2.0000000000000001e-01
-2.0000000000000001e-01
-2.0000000000000001e-01
-2.0000000000000001e-01
-2.0000000000000001e-01
-2.0000000000000001e-01
-2.0000000000000001e-01
-2.0000000000000001e-01
-2.0000000000000001e-01
-2.0000000000000001e-01
-2.0000000000000001e-01
-2.0000000000000001e-01
-2.0000000000000001e-01
-2.0000000000000001e-01
-2.0000000000000001e-01
-2.0000000000000001e-01
-2.0000000000000001e-01
-2.0000000000000001e-01
-2.0000000000000001e-01
-2.0000000000000001e-01
-2.0000000000000001e-01
-2.0000000000000001e-01
-2.0000000000000001e-01
-2.0000000000000001e-01
-2.0000000000000001e-01
-2.0000000000000001e-01
-2.0000000000000001e-01
-2.0000000000000001e-01
-2.0000000000000001e-01
-2.0000000000000001e-01
-2.0000000000000001e-01
-2.0000000000000001e-01
-2.0000000000000001e-01
-2.0000000000000001e-01
-2.0000000000000001e-01
-2.0000000000000001e-01
-2.0000000000000001e-01
-2.0000000000000001e-01
-2.0000000000000001e-01
-2.0000000000000001e-01
-2.0000000000000001e-01
-2.0000000000000001e-01
-2.0000000000000001e-01
-2.0000000000000001e-01
-2.0000000000000001e-01
-2.0000000000000001e-01
-2.0000000000000001e-01
-2.0000000000000001e-01
-2.0000000000000001e-01
-2.0000000000000001e-01
-2.0000000000000001e-01
-2.0000000000000001e-01
-2.0000000000000001e-01
-2.0000000000000001e-01
-2.0000000000000001e-01
-2.0000000000000001e-01
-2.0000000000000001e-01
-2.0000000000000001e-01
-2.0000000000000001e-01
-2.0000000000000001e-01
-2.0000000000000001e-01
-2.0000000000000001e-01
-2.0000000000000001e-01
-2.0000000000000001e-01
-2.0000000000000001e-01
-2.0000000000000001e-01
-2.0000000000000001e-01
-2.0000000000000001e-01
-2.0000000000000001e-01
-2.0000000000000001e-01
-2.0000000000000001e-01
-2.0000000000000001e-01
-2.0000000000000001e-01
-2.0000000000000001e-01
-2.0000000000000001e-01
-2.0000000000000001e-01
-2.0000000000000001e-01
-2.0000000000000001e-01
-2.0000000000000001e-01
-2.0000000000000001e-01
-2.0000000000000001e-01
-2.0000000000000001e-01
-2.0000000000000001e-01
-2.0000000000000001e-01
-2.0000000000000001e-01
-2.0000000000000001e-01
-2.0000000000000001e-01
-2.0000000000000001e-01
-2.0000000000000001e-01
-2.0000000000000001e-01
-2.0000000000000001e-01
-2.0000000000000001e-01
-2.0000000000000001e-01
-2.0000000000000001e-01
-2.0000000000000001e-01
-2.0000000000000001e-01
-2.0000000000000001e-01
-2.0000000000000001e-01
-2.0000000000000001e-01
-2.0000000000000001e-01
-2.0000000000000001e-01
-2.0000000000000001e-01
-2.0000000000000001e-01
-2.0000000000000001e-01
-2.0000000000000001e-01
-2.0000000000000001e-01
-2.0000000000000001e-01
-2.0000000000000001e-01
-2.0000000000000001e-01
-2.0000000000000001e-01
-2.0000000000000001e-01
-2.0000000000000001e-01
-2.0000000000000001e-01
-2.0000000000000001e-01
-2.0000000000000001e-01
-2.0000000000000001e-01
-2.0000000000000001e-01
-2.0000000000000001e-01
-2.0000000000000001e-01
-2.0000000000000001e-01
-2.0000000000000001e-01
-2.0000000000000001e-01
-2.0000000000000001e-01
-2.0000000000000001e-01
-2.0000000000000001e-01
-2.0000000000000001e-01
-2.0000000000000001e-01
-2.0000000000000001e-01
-2.0000000000000001e-01
-2.0000000000000001e-01
-2.0000000000000001e-01
-2.0000000000000001e-01
-2.0000000000000001e-01
-2.0000000000000001e-01
-2.0000000000000001e-01
-2.0000000000000001e-01
-2.0000000000000001e-01
-2.0000000000000001e-01
-2.0000000000000001e-01
-2.0000000000000001e-01
-2.0000000000000001e-01
-2.0000000000000001e-01
